power[%]   angle[deg]
0                      0
-100                      0
-100                      0
-100                      0
-100                      0
-100                      0
-100                      0
-100                      1
-100                      1
-100                      2
-100                      3
-100                      3
-100                      4
-100                      5
-100                      6
-100                      7
-100                      8
-100                      9
-100                      10
-100                      11
-100                      12
-100                      13
-100                      15
-100                      16
-100                      18
-100                      19
-100                      20
-100                      22
-100                      24
-100                      25
-100                      27
-100                      29
-100                      30
-100                      32
-100                      34
-100                      36
-100                      38
-100                      40
-100                      42
-100                      44
-100                      46
-100                      48
-100                      50
-100                      52
-100                      55
-100                      57
-100                      59
-100                      61
-100                      64
-100                      66
-100                      69
-100                      71
-100                      74
-100                      76
-100                      79
-100                      82
-100                      84
-100                      87
-100                      90
-100                      93
-100                      95
-100                      98
-100                      101
-100                      104
-100                      107
-100                      110
-100                      113
-100                      116
-100                      119
-100                      122
-100                      125
-100                      128
-100                      131
-100                      134
-100                      137
-100                      140
-100                      143
-100                      146
-100                      149
-100                      153
-100                      156
-100                      159
-100                      162
-100                      166
-100                      169
-100                      172
-100                      175
-100                      179
-100                      182
-100                      185
-100                      189
-100                      192
-100                      196
-100                      199
-100                      202
-100                      206
-100                      209
-100                      212
-100                      216
-100                      219
-100                      223
-100                      226
-100                      229
-100                      233
-100                      236
-100                      240
-100                      243
-100                      246
-100                      250
-100                      253
-100                      257
-100                      260
-100                      264
-100                      267
-100                      270
-100                      274
-100                      277
-100                      281
-100                      284
-100                      288
-100                      291
-100                      295
-100                      298
-100                      301
-100                      305
-100                      309
-100                      312
-100                      316
0                      319
0                      322
0                      326
0                      329
0                      332
0                      335
0                      338
0                      341
0                      344
0                      347
0                      349
0                      352
0                      354
0                      356
0                      359
0                      361
0                      363
0                      365
0                      367
0                      369
0                      371
0                      372
0                      374
0                      376
0                      377
0                      378
0                      380
0                      381
0                      382
0                      383
0                      384
0                      385
0                      386
0                      387
0                      388
0                      388
0                      389
0                      390
0                      390
0                      391
0                      391
0                      391
0                      392
0                      392
0                      392
0                      392
0                      392
0                      392
0                      392
0                      392
0                      392
0                      392
0                      392
0                      392
0                      392
0                      392
0                      392
0                      392
0                      392
0                      392
0                      392
0                      392
0                      392
0                      392
0                      392
0                      392
0                      392
0                      392
0                      392
0                      392
0                      392
0                      392
0                      392
0                      392
0                      392
0                      392
0                      392
0                      392
0                      392
0                      392
0                      392
0                      392
0                      392
0                      392
0                      392
0                      392
0                      392
0                      392
0                      392
0                      392
0                      392
0                      392
0                      392
0                      392
0                      392
0                      392
0                      392
0                      392
0                      392
0                      392
0                      392
0                      392
0                      392
0                      392
0                      392
0                      392
0                      392
0                      392
0                      392
0                      392
0                      392
0                      392
0                      392
0                      392
0                      392
0                      392
0                      392
0                      392
0                      392
0                      392
0                      392
0                      392
0                      392
0                      392
0                      392
0                      392
0                      392
0                      392
0                      392
0                      392
0                      392
0                      392
0                      392
0                      392
0                      392
0                      392
0                      392
0                      392
0                      392
0                      392
0                      392
0                      392
0                      392
0                      392
0                      392
0                      392
0                      392
0                      392
0                      392
0                      392
0                      392
0                      392
0                      392
0                      392
0                      392
0                      392
0                      392
0                      392
0                      392
0                      392
0                      392
0                      392
0                      392
0                      392
0                      392
0                      392
0                      392
0                      392
0                      392
0                      392
0                      392
0                      392
0                      392
0                      392
0                      392
0                      392
0                      392
0                      392
0                      392
0                      392
0                      392
0                      392
0                      392
0                      392
0                      392
0                      392
0                      392
0                      392
0                      392
0                      392
0                      392
0                      392
0                      392
0                      392
0                      392
0                      392
0                      392
0                      392
0                      392
0                      392
0                      392
0                      392
0                      392
0                      392
0                      392
0                      392
0                      392
0                      392
0                      392
0                      392
0                      392
0                      392
0                      392
0                      392
0                      392
0                      392
0                      392
0                      392
0                      392
0                      392
0                      392
0                      392
0                      392
0                      392
0                      392
0                      392
0                      392
0                      392
0                      392
0                      392
0                      392
0                      392
0                      392
0                      392
0                      392
0                      392
0                      392
0                      392
0                      392
0                      392
0                      392
0                      392
0                      392
0                      392
0                      392
0                      392
0                      392
0                      392
0                      392
0                      392
0                      392
0                      392
0                      392
0                      392
0                      392
0                      392
0                      392
0                      392
0                      392
0                      392
0                      392
0                      392
0                      392
0                      392
0                      392
0                      392
